69
4 179
86 42 102 185
126 183 31 81
5 409
11 195 1 175 83
94 75 1 86 76
3 76
195 110 17
195 55 180
2 229
1 110
1 121
2 89
1 107
1 125
3 356
82 1 134
107 1 3
3 71
176 4 24
93 192 100
2 134
33 109
141 52
4 338
20 1 43 136
111 1 121 150
4 204
122 18 160 26
32 71 62 103
5 273
20 180 174 194 18
66 160 183 179 13
5 239
132 155 15 67 141
96 33 158 137 84
2 263
1 85
1 13
3 41
33 1 9
16 1 182
3 358
8 1 147
41 1 185
5 255
158 39 96 4 172
45 116 136 50 17
3 215
183 97 99
91 150 78
5 317
140 52 1 16 144
64 147 1 66 173
5 353
158 44 1 110 153
69 159 1 116 44
2 276
1 126
1 32
4 347
182 1 178 65
11 1 123 150
3 490
45 185 59
67 4 44
5 161
156 149 1 74 5
83 149 1 121 90
2 287
24 182
59 98
3 133
121 30 57
73 139 33
2 192
1 53
1 156
2 286
175 70
178 131
2 70
1 127
1 5
5 319
47 112 12 109 171
122 76 168 8 5
2 85
1 113
1 184
2 202
125 41
61 193
4 85
191 1 112 141
66 1 145 187
4 59
115 52 151 134
30 147 12 18
5 415
166 88 1 165 102
122 178 1 167 155
2 209
1 125
1 81
5 111
92 131 164 172 66
14 39 142 134 89
4 264
184 1 77 68
113 1 91 184
5 264
64 92 40 23 42
63 96 28 131 153
4 320
93 1 186 143
90 1 47 121
4 385
188 107 30 138
109 171 99 45
2 371
1 163
1 187
6 59
159 199 25 138 74 183
114 200 132 24 10 45
4 376
3 183 182 118
93 53 179 115
7 116
34 77 66 14 139 195 13
7 101 187 64 190 76 21
4 96
133 1 113 140
21 1 151 46
4 249
200 36 188 37
29 185 112 53
7 341
37 111 156 1 147 75 119
192 64 131 1 33 163 139
11 431
147 96 95 131 43 134 169 81 111 19 195
66 146 131 82 167 93 49 112 144 193 73
6 57
54 189 1 65 20 67
98 119 1 173 162 151
4 227
11 1 81 194
33 1 117 192
11 110
6 123 87 82 46 200 160 23 121 77 29
37 185 128 76 188 62 171 178 67 65 109
9 229
121 133 67 90 1 142 59 114 168
104 132 116 103 1 69 169 198 127
9 101
87 168 27 72 1 200 145 179 125
11 164 148 80 1 113 84 13 34
10 345
23 143 157 15 1 153 83 92 139 39
160 88 62 66 1 113 68 30 171 152
11 312
157 60 114 134 36 182 2 89 98 171 86
129 33 14 40 93 123 195 67 52 10 190
4 117
23 32 55 5
105 97 31 136
4 21
56 41 168 117
123 43 22 169
6 234
66 158 1 80 179 66
9 27 1 161 102 162
4 242
155 1 8 66
7 1 90 48
8 514
200 189 140 14 33 147 20 165
153 5 6 49 60 112 126 37
8 319
31 115 164 154 121 166 37 82
21 65 74 181 37 94 118 41
9 128
57 65 183 33 1 61 102 200 196
120 156 37 147 1 133 81 166 73
5 141
108 39 1 137 111
46 144 1 124 94
10 209
87 147 111 190 1 156 56 127 31 35
164 119 171 123 1 55 151 127 24 76
10 402
134 66 112 178 36 168 51 95 145 81
18 44 197 22 141 154 90 126 137 199
9 156
71 149 41 139 48 96 67 20 80
14 57 163 31 156 43 45 40 161
6 326
49 88 16 192 103 183
80 193 120 160 69 116
7 417
131 139 37 1 30 95 56
129 130 186 1 144 109 53
8 20
125 94 130 1 105 99 176 156
10 92 37 1 186 73 6 105
