205
29 506
99 40 161 44 14 146 130 146 151 63 44 192 136 21 1 157 136 5 152 14 75 176 135 182 13 4 88 78 129
90 61 53 167 76 12 25 75 140 15 44 23 183 5 1 144 148 96 200 165 159 156 73 37 44 56 147 23 51
45 440
144 70 34 126 73 101 49 7 100 172 32 120 121 45 199 127 157 125 21 126 93 95 1 28 89 120 125 142 139 198 8 136 71 57 14 87 111 48 82 170 26 193 31 99 23
135 79 74 185 139 99 28 135 188 64 175 71 149 1 71 95 196 142 3 45 178 142 1 56 199 72 191 197 186 90 76 116 60 91 134 107 181 115 27 122 41 102 86 170 48
41 1333
123 97 157 35 86 77 53 14 102 7 176 181 36 127 78 39 34 144 39 113 1 175 168 140 123 100 49 103 62 46 70 90 123 198 162 141 2 168 103 141 157
146 193 153 171 73 148 76 86 135 79 151 6 31 10 137 200 87 143 130 76 1 54 188 21 98 98 32 36 182 139 36 104 33 113 62 163 115 121 107 177 192
16 571
23 192 61 126 25 186 199 11 44 26 18 117 52 48 1 164
128 36 37 131 15 99 183 112 103 197 194 72 9 8 73 175
12 295
11 144 95 103 66 1 165 131 5 135 123 129
13 88 168 80 53 1 57 190 100 121 187 170
12 251
194 56 65 110 153 1 35 12 125 56 117 107
110 98 66 160 4 1 145 48 176 56 60 52
36 1921
190 151 93 196 194 13 172 10 76 195 91 14 79 157 133 166 99 1 13 138 168 12 171 141 64 84 158 3 178 173 198 184 6 39 100 175
12 135 97 148 12 55 117 51 44 87 72 98 130 185 88 122 117 1 156 6 102 91 21 198 87 106 97 188 159 111 138 48 144 18 128 19
42 1881
61 6 101 39 126 32 136 190 71 150 187 150 125 104 171 37 188 183 167 23 1 124 15 21 52 43 76 14 97 51 106 50 184 133 158 194 113 39 181 163 180 173
104 1 21 184 149 80 9 60 187 7 155 25 1 51 85 31 194 88 174 44 1 9 113 37 170 38 145 200 69 68 39 93 33 150 107 31 117 127 11 184 158 56
39 140
7 7 17 47 156 51 180 147 38 41 137 191 157 8 177 19 163 144 88 1 21 83 110 125 39 127 90 178 38 80 150 102 75 42 187 109 141 159 124
150 57 112 19 31 40 8 173 59 28 174 51 170 82 61 136 25 131 191 1 151 152 181 99 117 127 117 199 137 167 50 112 45 114 191 7 192 3 35
26 441
151 41 95 39 59 3 119 71 100 59 54 45 1 149 189 100 28 132 62 110 191 127 167 6 60 57
179 41 170 85 70 8 104 145 112 87 167 147 1 34 49 140 140 74 122 120 112 109 197 19 64 66
7 588
12 56 29 1 135 19 165
44 112 44 1 139 18 80
30 1816
199 138 142 25 74 162 102 183 138 176 33 93 26 137 1 15 108 170 160 195 183 115 51 148 38 154 9 93 61 175
81 77 56 147 37 130 143 113 190 166 87 120 112 190 1 94 152 49 147 33 156 84 49 188 123 22 198 186 30 156
13 146
49 45 165 164 189 67 1 103 56 50 113 111 196
116 18 4 111 146 55 1 128 92 161 11 6 171
44 151
126 64 110 96 16 185 109 58 71 17 3 191 28 72 23 98 4 26 124 139 132 1 77 80 14 177 66 35 19 20 20 93 133 88 143 147 101 65 143 28 192 76 74 54
195 126 60 74 11 4 3 89 112 78 18 67 101 176 10 101 113 114 121 139 75 1 103 99 96 168 119 45 58 193 69 23 71 57 27 74 41 130 145 157 156 9 62 44
11 1214
37 94 113 151 186 1 119 173 160 32 175
91 81 178 153 94 1 31 136 67 140 23
2 963
1 112
1 37
29 405
61 73 33 84 90 28 153 2 34 144 101 39 168 67 1 166 182 128 128 101 184 140 178 13 54 27 25 53 191
200 106 138 183 21 20 99 77 162 65 118 147 22 32 1 71 191 166 163 169 128 136 141 11 108 106 18 145 71
12 466
53 23 131 152 65 1 180 135 162 120 6 121
141 35 102 10 52 1 69 109 99 15 98 31
6 885
175 195 1 42 34 37
10 150 1 136 125 185
37 1731
37 100 36 76 133 12 197 121 8 24 196 153 120 113 123 161 166 78 1 150 4 21 196 14 187 60 174 75 150 154 89 134 126 55 68 103 68
16 168 35 197 147 91 84 15 47 154 185 189 186 109 199 111 61 1 1 131 113 200 141 155 38 134 13 46 139 24 114 54 163 172 156 71 123
39 1826
16 169 24 40 192 195 4 117 165 146 165 62 107 54 191 188 62 63 88 1 167 124 183 15 43 38 64 191 119 48 23 18 47 24 134 164 45 174 32
35 154 28 150 66 94 100 93 51 91 152 32 116 174 27 158 108 37 102 1 132 123 41 148 112 7 51 122 196 109 187 36 80 134 162 100 40 180 188
10 458
100 32 118 188 1 96 174 131 145 153
116 115 174 36 1 96 113 20 106 78
39 1353
129 59 43 90 163 36 55 72 141 29 40 101 21 28 122 145 61 152 93 1 134 105 115 183 121 194 165 82 90 14 59 165 64 174 61 115 110 87 99
64 103 90 121 141 147 153 43 193 36 2 122 45 125 46 50 3 55 194 1 10 141 177 7 163 161 94 137 61 163 110 119 68 108 148 147 171 176 21
43 1831
135 84 173 140 178 177 14 154 160 185 27 119 173 15 129 43 74 114 42 60 157 1 80 198 190 59 136 55 85 180 16 28 51 39 145 63 37 174 131 155 57 88 46
127 51 165 14 153 36 141 77 79 21 51 88 157 72 148 63 126 46 53 19 188 1 112 39 134 168 129 109 69 13 174 42 141 44 50 53 20 116 123 121 165 192 95
16 922
163 95 156 172 14 2 12 1 35 116 57 38 138 9 171 65
183 131 122 158 162 158 16 1 135 166 22 65 77 183 60 86
10 1273
168 32 60 52 154 76 63 1 27 151
150 91 45 61 63 115 110 130 9 16
39 967
45 23 93 52 45 189 109 72 108 175 43 196 166 51 190 108 109 1 16 40 23 39 27 43 38 20 6 26 190 143 104 117 131 165 120 109 184 25 160
82 15 87 87 19 28 48 161 177 135 37 43 175 68 76 34 130 2 52 12 180 131 62 86 170 32 16 124 76 131 50 12 117 146 5 142 147 163 19
5 337
188 180 1 21 33
20 146 1 176 163
42 647
165 99 90 41 20 103 200 117 146 108 88 30 44 1 13 163 184 23 76 186 116 50 167 73 186 149 171 98 180 193 108 72 119 67 109 41 141 90 160 171 46 170
174 95 64 10 101 155 127 159 117 85 39 74 50 28 58 129 61 25 15 95 89 115 118 64 132 73 178 166 98 144 107 91 94 195 53 24 90 107 114 145 119 168
43 1630
85 117 170 135 66 87 151 184 170 81 183 124 137 175 40 124 1 152 63 115 195 164 147 136 175 78 160 13 74 153 112 37 116 186 130 10 4 68 72 169 172 154 150
27 29 24 193 5 132 195 192 76 11 192 105 121 106 174 124 40 122 38 80 153 145 147 68 169 109 153 96 139 113 77 112 140 131 52 124 173 102 4 46 198 83 118
19 1001
56 88 111 31 15 109 19 19 195 1 42 63 192 47 85 116 12 58 30
83 167 76 179 168 96 70 22 39 1 195 165 168 141 177 92 155 74 40
32 1337
7 92 182 198 148 193 18 57 174 102 32 101 123 69 102 1 32 85 100 140 58 92 90 36 3 24 57 29 185 130 169 146
160 25 110 176 24 141 7 9 104 10 169 195 110 152 120 1 38 13 34 199 132 75 148 63 137 35 76 179 97 38 28 200
3 1475
164 1 19
69 1 24
21 540
51 10 89 174 198 139 160 75 113 68 1 191 105 163 133 185 126 20 6 77 174
75 86 12 112 30 27 75 41 195 58 1 109 157 124 100 183 194 14 145 3 15
26 1766
42 125 2 163 181 8 61 160 22 127 138 113 1 98 108 51 37 102 119 90 168 183 19 173 39 140
8 154 192 148 153 85 171 193 145 148 146 95 1 15 30 149 175 191 64 99 97 29 143 41 100 176
18 1538
71 145 5 149 1 30 80 118 198 17 18 75 180 41 40 122 28 181
39 120 53 56 138 55 100 169 38 181 188 190 65 119 38 62 67 32
28 1485
39 171 125 120 170 32 50 125 190 140 174 20 193 1 182 158 102 193 129 173 181 36 4 57 16 127 79 84
71 21 50 195 118 186 49 76 104 31 131 96 199 1 32 21 128 27 112 98 4 30 160 145 196 189 146 23
13 307
99 28 98 136 108 153 1 35 115 61 134 119 64
78 57 130 90 65 80 1 149 190 172 76 61 197
39 260
19 144 83 126 5 173 77 143 58 139 118 96 74 15 163 37 178 50 55 1 188 122 39 54 96 173 95 168 33 10 58 80 129 46 56 194 102 106 35
54 118 124 132 61 112 125 191 129 125 199 3 14 90 125 181 132 60 175 1 163 64 16 49 145 165 20 121 134 147 198 35 129 136 188 43 68 93 112
7 151
56 47 84 1 148 15 28
65 102 14 1 31 5 94
25 1589
22 44 129 71 8 74 192 125 30 100 137 181 1 192 40 192 124 42 175 185 192 177 176 181 23
189 29 189 182 129 43 166 47 171 113 122 36 1 84 135 13 35 4 64 183 11 183 101 6 81
35 797
154 146 148 140 72 152 117 150 56 26 97 134 6 29 147 139 100 1 173 186 130 143 81 42 131 88 172 50 39 156 177 36 130 75 95
2 57 138 187 131 147 193 44 87 200 154 72 67 28 99 52 84 1 200 45 137 199 93 89 19 27 173 177 79 185 94 76 96 102 13
2 1336
1 126
1 30
35 1078
70 137 193 129 36 72 104 37 76 139 20 114 160 61 44 4 15 21 152 1 20 83 72 119 37 200 41 28 128 37 137 35 37 110 107
167 157 60 42 168 192 48 92 118 102 33 69 63 86 97 113 93 7 101 140 72 76 119 147 57 8 114 200 89 171 193 152 7 140 62
33 1711
86 2 32 55 128 27 119 119 94 168 52 86 8 27 9 145 1 154 169 68 165 15 100 129 144 175 50 186 7 28 22 164 69
161 157 72 68 54 120 54 46 108 183 2 88 147 67 58 46 1 1 160 96 46 84 85 193 49 147 60 10 165 167 172 191 117
8 1157
76 84 57 1 86 100 52 176
11 40 50 1 4 30 27 53
25 420
14 78 114 164 41 193 20 195 60 104 158 89 1 187 97 11 172 55 138 162 2 162 126 180 158
196 193 99 77 184 32 20 55 51 134 142 9 1 98 25 110 88 86 18 179 107 173 156 185 35
21 1514
176 76 3 148 38 160 150 95 32 17 1 109 134 176 123 110 157 148 199 57 4
159 98 62 99 110 10 14 87 8 185 1 40 88 44 46 50 185 159 95 36 16
26 578
182 192 99 149 138 51 97 67 24 172 161 90 1 146 114 25 81 59 128 143 167 88 19 137 82 174
91 165 160 12 9 24 27 171 176 180 119 159 1 121 191 95 168 179 159 65 193 15 106 195 109 194
45 1686
104 161 64 191 120 56 154 40 199 89 173 144 53 170 170 42 43 26 28 146 191 181 1 40 178 75 91 164 99 73 184 45 20 36 38 97 85 124 49 160 195 80 156 180 31
144 49 74 88 24 130 135 96 159 39 59 62 177 179 100 25 154 106 16 99 153 145 1 37 80 103 171 95 85 21 66 179 70 199 181 28 29 171 116 178 186 85 195 7 4
33 253
70 145 45 87 113 61 164 72 52 141 16 83 119 130 17 68 1 126 95 159 147 108 156 25 161 4 89 99 51 109 87 57 91
23 89 132 34 135 149 137 164 31 46 173 124 14 150 108 86 1 126 12 159 20 62 179 159 117 176 38 8 180 20 176 169 183
31 79
146 96 24 105 85 89 198 20 82 45 50 103 80 105 94 1 2 35 108 155 20 36 87 54 77 51 155 15 17 108 20
53 44 155 131 81 45 92 86 71 132 153 137 160 122 198 1 154 25 139 192 43 169 7 168 51 127 106 187 71 110 166
38 1231
119 46 73 121 147 164 115 152 19 21 60 112 57 137 137 98 170 185 1 189 165 178 120 173 188 64 180 74 145 113 45 88 56 159 80 152 50 26
134 178 153 44 108 33 169 143 155 174 35 76 19 77 36 7 95 194 1 146 152 31 82 91 194 47 127 37 10 81 162 166 24 55 99 44 129 170
20 207
12 144 147 153 111 29 130 88 191 1 102 200 19 133 171 42 195 8 12 113
149 75 75 20 97 175 26 169 96 1 23 53 50 44 95 182 137 142 160 74
30 784
1 119 57 183 10 23 136 11 36 115 114 166 2 32 155 8 80 42 138 88 12 61 54 120 3 70 46 140 68 114
89 88 109 200 84 162 193 69 133 30 61 73 129 115 191 155 78 136 177 100 62 100 71 41 34 68 188 48 123 22
44 1019
176 150 32 98 138 132 8 20 25 112 41 34 157 6 75 94 166 171 33 67 177 1 134 15 113 157 35 37 194 164 65 70 3 179 60 110 195 123 120 142 15 138 191 144
144 170 39 119 109 198 185 127 174 47 158 132 101 22 71 50 195 197 68 171 198 1 140 111 126 106 142 143 195 68 9 30 40 188 197 36 29 80 137 33 98 1 126 185
13 128
4 68 118 65 9 44 1 51 22 122 2 61 136
136 25 22 48 124 70 1 33 170 163 136 91 3
15 1746
187 138 176 167 178 44 58 1 29 105 180 12 161 24 27
40 143 5 45 183 139 87 1 58 50 26 133 24 48 144
16 680
183 107 172 154 8 87 36 1 104 113 66 168 100 26 86 90
16 110 26 149 149 18 47 1 41 35 76 178 143 126 104 68
28 119
178 174 142 32 150 27 82 79 117 21 74 26 45 1 130 35 169 142 140 91 191 128 150 121 102 101 13 178
42 83 181 181 19 87 82 146 97 84 120 51 111 1 176 107 8 111 173 90 69 24 6 66 141 128 78 9
12 101
95 11 176 88 42 41 69 152 158 1 119 171
70 129 180 69 28 84 183 196 101 78 55 19
21 732
49 143 146 57 70 40 53 137 164 180 1 167 167 158 8 23 154 43 155 159 36
111 188 190 109 185 158 81 46 5 67 1 152 37 137 91 56 166 51 100 176 198
24 1711
78 85 25 59 154 128 14 9 128 28 148 131 122 30 39 196 183 13 97 183 1 121 98 139
69 193 65 176 178 120 37 173 31 81 23 54 42 157 162 69 81 7 72 50 62 166 129 177
34 1052
9 140 65 133 169 7 191 149 148 27 94 143 192 95 169 200 1 68 152 77 123 188 176 116 180 4 120 191 90 145 146 186 35 49
11 140 61 94 171 117 189 4 45 82 27 14 192 82 158 177 1 184 200 72 36 113 136 123 94 25 146 64 37 58 96 65 54 138
28 415
9 112 40 84 10 1 192 63 87 170 161 79 180 200 2 104 131 159 55 28 9 133 52 134 99 121 18 6
127 197 88 107 16 166 72 182 152 184 115 147 65 28 4 11 168 170 194 16 180 1 196 138 104 60 152 149
41 905
128 8 180 151 11 131 172 18 92 52 111 80 9 134 198 170 119 61 19 187 1 20 160 98 10 180 51 54 60 25 89 87 75 56 157 27 62 116 34 128 114
18 184 90 138 157 39 92 57 21 177 150 183 50 14 150 126 130 98 11 30 1 90 189 3 149 120 11 59 188 10 146 7 147 46 194 75 46 174 14 195 107
30 1045
70 175 59 138 96 105 170 168 105 104 191 91 137 171 1 166 59 27 42 15 140 59 182 91 171 156 117 137 168 55
120 129 151 147 24 123 112 78 194 118 172 176 171 50 1 98 140 117 164 137 119 61 26 38 194 161 198 53 59 197
8 1326
94 63 173 1 40 58 139 28
105 120 104 1 127 51 40 29
5 1496
175 111 1 96 57
32 91 1 149 150
16 1390
73 159 62 38 70 127 79 1 94 57 179 111 166 60 107 28
191 135 83 49 29 128 66 1 195 68 167 112 6 174 109 179
4 668
113 1 65 130
64 1 90 191
10 888
8 67 34 121 1 75 188 132 194 176
87 102 75 164 1 158 86 46 111 44
6 694
108 141 1 114 31 117
69 124 1 31 122 97
13 1533
171 65 30 73 177 167 1 166 182 134 148 144 26
47 163 139 169 4 170 1 114 25 122 44 61 174
40 270
22 196 107 107 151 56 134 48 164 113 189 18 41 149 87 112 94 52 118 1 88 98 116 172 110 127 33 186 9 43 168 156 12 12 69 101 143 81 96 40
60 192 12 136 179 127 22 199 13 97 198 136 114 66 34 109 107 200 110 1 142 173 146 31 36 99 96 26 134 48 154 13 159 130 50 108 199 58 4 157
27 75
7 14 200 78 21 100 9 87 41 21 14 91 173 1 95 130 166 45 69 111 71 121 122 51 65 6 139
175 193 174 195 197 128 112 172 107 93 164 46 138 1 39 101 95 165 123 41 11 80 159 114 24 30 49
37 140
186 123 115 133 99 196 99 160 117 1 190 103 178 35 156 27 186 173 105 83 82 74 136 53 16 193 160 162 107 53 106 107 179 94 136 191 158
76 80 5 32 177 119 107 122 32 190 3 54 108 116 110 94 101 52 105 156 30 132 185 4 5 157 47 137 197 14 79 43 80 36 176 17 16
34 729
153 49 110 77 192 5 34 111 87 134 97 53 107 1 10 109 157 34 101 86 99 189 99 176 69 3 40 100 1 162 104 76 178 30
105 120 193 69 38 98 57 92 18 66 180 184 195 64 53 114 157 18 110 92 43 85 52 186 61 117 7 99 52 162 70 13 61 79
9 142
122 110 152 114 1 92 50 105 181
68 63 8 79 1 99 83 101 57
44 1231
171 12 20 58 172 69 46 107 137 180 153 132 154 55 45 28 166 12 133 187 47 148 32 194 26 1 196 84 73 34 48 84 53 199 116 40 143 6 41 45 124 149 82 19
8 46 142 2 27 93 178 150 20 82 71 154 189 134 7 15 40 186 69 104 55 93 55 120 173 131 85 149 90 117 62 14 95 185 137 162 187 126 199 67 198 119 32 154
3 631
22 1 134
121 1 69
10 1546
5 20 180 31 1 184 41 33 177 173
67 44 114 186 1 84 59 189 114 147
17 15
151 166 145 36 183 114 84 20 1 40 94 24 21 39 99 190 96
40 15 100 96 40 155 93 66 1 14 81 126 153 145 57 1 108
23 872
7 39 42 47 197 142 77 191 166 47 167 1 93 18 179 132 187 30 26 57 46 199 83
3 141 152 77 67 26 134 170 15 186 85 1 72 140 185 137 122 180 28 22 150 122 190
34 1458
4 186 125 138 91 109 91 110 113 57 119 111 14 38 51 96 1 127 52 62 123 116 161 90 116 115 162 101 38 23 170 45 103 134
89 122 68 17 155 22 192 77 91 138 113 164 62 97 80 6 1 93 16 143 170 13 25 25 98 186 177 175 138 88 119 90 171 155
41 780
97 116 73 188 5 11 40 95 99 182 172 191 192 139 48 72 89 107 167 27 1 41 161 136 20 180 20 111 63 89 30 157 51 32 61 140 47 4 68 66 161
61 12 28 114 55 119 172 93 85 121 103 169 94 126 29 96 140 162 46 171 1 92 136 59 118 143 170 164 2 62 112 71 15 170 58 113 181 8 92 39 197
18 1808
167 95 45 195 47 96 166 18 1 90 90 94 136 147 108 28 122 7
44 181 135 26 151 49 79 26 1 135 45 157 160 96 127 74 122 118
7 38
144 103 55 1 45 182 44
55 191 68 1 110 134 71
31 1689
179 49 162 3 182 62 194 92 76 80 14 3 10 96 6 1 91 60 2 192 138 26 75 172 62 33 103 37 170 69 157
66 125 156 189 125 140 70 89 194 131 101 10 184 5 26 1 94 52 14 135 54 84 117 151 51 75 35 112 132 175 114
3 1654
8 1 182
169 1 42
38 1037
95 155 188 72 129 76 90 95 195 185 28 197 62 147 89 66 64 56 50 4 134 8 142 33 16 38 110 30 33 118 121 7 107 139 93 85 172 1
72 122 126 49 104 31 112 59 163 151 94 187 47 195 193 135 172 3 79 178 31 23 54 88 17 44 186 171 129 73 135 137 15 108 142 179 44 65
30 457
152 50 60 127 82 170 183 86 178 107 51 162 130 130 1 115 44 146 76 144 134 60 107 9 40 56 18 128 55 29
65 141 160 42 111 151 42 141 144 69 152 87 86 130 1 6 165 103 24 109 65 68 97 36 67 42 18 147 9 156
39 1432
161 59 37 34 195 197 35 102 43 62 134 67 178 69 29 100 190 199 196 1 152 147 114 133 92 53 176 37 192 62 65 161 24 185 95 113 153 184 59
183 59 86 133 168 6 55 195 93 98 31 61 121 158 8 141 111 179 33 1 107 138 48 156 146 25 120 105 106 20 114 7 111 171 95 46 59 18 68
21 404
165 127 97 197 20 60 123 91 82 69 1 174 191 43 176 151 144 184 191 32 189
178 140 163 40 58 85 172 146 27 177 1 25 109 1 167 92 77 192 180 11 43
33 1696
166 9 163 175 9 11 9 200 124 28 130 11 142 131 36 194 1 199 31 13 26 190 132 170 195 121 112 197 76 136 55 15 82
137 47 77 35 101 200 5 137 102 67 11 121 194 131 177 1 1 27 126 191 175 34 142 55 150 125 83 54 79 63 129 71 14
45 273
139 55 35 149 89 172 172 8 175 88 34 65 103 110 93 200 18 98 2 122 68 173 1 74 87 66 136 159 9 174 25 187 179 198 34 174 163 44 30 115 29 188 109 154 118
61 116 196 166 71 84 93 83 4 3 23 40 80 185 158 183 6 4 198 90 93 191 1 64 161 120 130 38 68 53 174 194 36 132 71 53 98 52 69 68 180 164 98 70 127
30 867
100 88 48 114 59 86 185 24 149 33 117 93 70 199 1 80 36 6 107 116 6 138 33 107 99 110 159 96 151 166
13 31 37 33 87 21 81 14 138 129 20 178 198 187 1 24 119 84 119 165 153 142 161 181 139 167 154 180 94 26
8 1020
49 68 188 1 91 56 175 140
153 6 174 1 82 28 89 81
6 1473
19 157 1 108 98 163
82 129 1 137 25 167
4 969
71 1 166 162
41 1 197 8
15 534
35 9 36 116 63 135 28 1 171 43 167 136 123 83 61
4 127 182 54 24 50 194 1 52 144 113 87 53 36 64
75 294
67 173 146 59 16 10 139 71 151 156 130 3 95 40 100 154 160 171 118 18 174 80 77 124 119 95 121 4 37 122 38 5 152 158 108 107 105 1 192 64 97 62 159 183 59 35 178 149 70 103 33 9 98 174 74 152 148 90 30 5 128 88 183 139 141 181 49 14 197 187 24 144 55 181 9
165 54 41 161 193 195 99 61 65 117 91 4 37 155 196 118 78 58 29 86 179 64 103 179 79 200 49 15 43 88 75 149 127 22 127 33 138 1 19 63 111 17 65 148 104 48 192 130 106 177 9 89 56 90 38 122 165 58 73 40 40 58 36 52 41 125 141 146 187 22 90 123 185 36 185
65 909
176 194 149 162 172 166 82 69 70 100 145 168 179 34 84 124 174 169 200 116 23 94 164 134 169 77 179 64 143 49 110 190 1 157 40 65 105 118 23 52 188 57 124 180 121 196 151 65 95 36 197 99 161 120 20 126 50 29 54 95 35 156 179 78 144
162 158 132 42 142 172 131 78 56 45 195 199 148 188 61 60 69 123 130 123 81 105 162 33 185 114 44 110 50 179 172 83 1 143 72 62 110 68 4 192 128 119 120 18 28 182 185 142 173 86 52 101 17 183 171 159 182 125 8 174 42 137 172 73 113
70 8
116 192 24 11 185 106 70 111 94 48 199 17 126 49 111 113 117 102 119 87 199 90 78 142 157 50 144 131 64 43 40 199 11 48 1 185 30 133 25 29 16 87 96 180 51 132 129 150 182 172 35 162 181 171 120 138 182 46 145 188 199 37 153 169 135 135 48 185 141 186
8 76 63 195 136 35 134 123 5 80 3 177 46 22 110 26 57 141 64 104 192 68 200 171 190 155 66 70 131 174 155 156 100 130 1 114 74 107 75 181 79 159 169 159 22 42 83 91 197 97 156 65 94 6 152 135 25 77 25 196 71 79 186 87 93 169 96 29 108 61
76 1979
195 99 68 17 191 78 45 165 20 57 19 1 37 63 154 144 112 92 190 138 26 158 148 186 172 25 51 98 71 108 184 123 149 25 73 117 128 119 148 99 51 14 52 139 174 145 152 155 33 38 93 155 181 151 34 199 124 88 26 49 127 59 116 130 144 158 178 159 41 189 62 61 103 64 29 183
40 192 44 7 167 27 182 165 51 106 57 156 142 22 121 100 195 179 108 180 167 22 122 120 195 143 178 87 112 24 3 95 14 138 162 98 75 28 57 120 75 53 63 122 198 109 20 101 179 58 107 172 26 80 49 36 164 127 178 151 145 30 13 149 120 188 64 110 62 74 140 137 100 81 64 155
47 505
185 158 176 137 40 196 23 12 62 103 10 174 37 88 157 13 122 111 23 181 113 164 165 1 200 100 109 185 28 68 118 181 2 40 89 189 101 40 127 194 193 86 71 149 93 33 48
76 66 101 133 114 151 37 164 73 123 157 25 3 20 47 93 170 49 47 62 129 87 175 1 152 9 74 97 72 136 80 192 91 176 173 153 153 17 89 126 46 53 70 98 17 163 13
29 837
55 176 69 48 69 137 128 73 128 76 132 47 192 138 1 192 140 145 36 81 31 50 99 133 184 127 32 42 108
97 96 165 121 87 195 83 72 110 150 24 24 31 192 1 50 120 160 145 104 17 110 122 178 8 67 125 175 180
56 1839
22 104 181 73 145 71 121 189 42 101 129 43 104 86 15 65 17 101 121 164 77 143 153 121 52 74 200 1 152 114 35 154 51 199 131 187 147 157 12 149 49 146 42 104 67 111 99 152 174 119 64 64 138 166 200 115
62 113 1 16 153 127 120 172 121 177 28 112 84 11 156 189 169 197 173 17 34 198 131 146 21 180 68 1 128 166 131 51 7 171 162 8 81 52 29 15 175 49 188 193 169 102 16 149 103 105 57 163 172 149 66 48
13 733
48 199 26 120 118 104 1 124 133 94 53 167 131
82 151 65 136 18 22 1 37 139 196 31 18 166
48 1683
166 56 4 116 70 117 4 161 1 159 174 81 34 44 117 160 2 46 20 138 147 180 130 72 127 15 33 79 45 181 153 146 106 14 104 118 110 105 141 73 158 119 85 8 23 146 80 32
123 13 54 30 35 140 172 170 36 85 52 27 199 164 79 82 15 157 161 41 7 151 92 130 30 101 47 66 74 113 140 106 192 77 104 3 49 191 176 67 39 190 149 81 188 127 91 185
75 1873
62 100 92 179 152 123 138 62 22 157 130 168 105 166 184 36 40 127 48 78 176 126 32 120 36 33 6 192 47 101 60 178 176 182 9 174 11 1 190 47 195 94 32 14 146 12 154 8 93 104 199 36 127 156 49 93 33 147 23 94 177 29 93 11 176 37 142 88 154 88 148 149 118 148 158
90 131 161 196 119 24 80 8 98 29 179 75 47 88 199 45 88 131 105 151 1 113 139 53 76 118 1 62 109 182 89 99 104 23 11 184 99 1 167 25 80 152 38 78 66 157 189 129 189 101 77 162 83 116 154 195 186 64 112 121 105 83 36 137 114 127 72 21 195 155 132 133 47 92 193
65 1117
97 169 180 78 45 82 90 158 115 150 177 146 97 90 86 140 197 28 39 84 123 20 85 8 175 12 6 101 3 108 194 22 1 71 106 131 70 192 79 8 107 108 128 118 149 170 128 36 144 82 163 180 113 41 74 148 19 197 14 180 195 56 43 107 101
193 142 179 156 67 186 121 44 46 62 50 46 94 54 5 135 108 129 105 83 165 13 178 151 157 103 158 54 190 88 199 143 1 97 106 180 150 106 199 5 19 65 8 82 177 142 143 186 58 1 12 184 124 144 48 181 7 98 66 162 101 122 43 138 140
66 1768
103 47 193 110 87 198 64 2 164 143 81 79 193 13 124 107 124 192 144 133 111 134 180 107 68 100 199 175 114 187 42 166 1 32 163 74 198 150 94 72 58 60 53 151 174 59 134 131 38 128 77 24 160 156 133 165 102 198 59 177 188 198 163 157 41 151
70 15 87 18 58 105 146 30 181 158 150 76 185 45 103 178 105 116 102 30 83 126 135 143 50 148 130 143 188 189 46 165 1 93 164 25 7 130 57 161 124 8 35 119 89 15 177 36 162 200 2 75 125 53 27 190 25 107 100 184 35 122 128 200 36 117
54 129
143 51 153 77 173 142 84 21 135 47 81 163 161 25 119 37 113 111 21 135 117 66 179 164 46 148 122 115 64 193 55 99 67 137 148 184 98 16 39 92 92 161 52 95 117 152 19 43 60 75 1 23 11 125
149 98 183 118 178 122 152 12 8 84 9 189 3 111 13 14 87 18 187 145 76 152 86 65 162 126 62 82 91 134 29 120 10 39 71 64 1 28 131 84 191 13 27 67 39 124 51 37 179 7 10 98 190 49
71 1512
84 158 175 23 75 59 14 28 113 138 46 149 187 9 7 30 90 38 147 37 150 151 124 75 169 127 102 33 34 103 120 186 23 176 82 1 107 51 78 17 89 11 171 31 35 148 169 66 108 65 53 125 10 92 51 84 155 130 88 81 44 131 65 108 188 114 185 102 164 32 5
11 44 9 21 91 178 77 8 87 140 138 68 159 63 128 42 139 64 60 173 95 116 130 36 13 14 76 89 41 193 85 161 23 122 12 1 148 30 125 46 96 191 195 156 133 106 134 144 41 190 62 111 175 87 60 140 94 125 160 74 180 165 196 125 124 192 190 194 145 14 115
64 1817
160 36 145 72 199 153 149 140 135 80 194 65 78 122 163 145 60 121 199 145 146 116 60 182 11 64 195 112 24 58 164 59 133 131 123 31 75 65 153 31 60 119 174 29 120 86 39 9 75 53 166 168 182 30 31 1 59 199 54 133 17 159 66 178
34 47 68 189 2 16 12 137 5 119 182 109 96 82 27 122 180 157 192 149 49 94 55 146 62 4 128 24 186 138 2 175 179 131 27 20 147 86 47 116 47 6 183 149 38 83 97 171 140 149 84 193 33 86 61 42 72 32 179 125 170 55 167 93
8 330
193 65 168 1 84 9 120 155
24 161 198 1 127 84 67 118
63 765
48 84 104 71 161 166 29 193 70 43 157 92 162 184 80 76 120 143 105 96 12 82 19 190 186 54 110 11 60 186 131 1 76 24 125 44 180 33 103 190 53 182 91 184 137 41 134 68 170 140 163 135 164 44 188 154 179 106 79 123 10 186 124
135 64 42 122 200 18 158 46 160 166 126 117 11 116 186 128 111 23 13 65 61 193 75 88 32 94 97 71 146 139 13 1 161 180 120 89 77 150 22 89 195 162 192 102 122 19 58 161 44 95 135 94 167 66 185 192 88 21 89 168 115 96 6
72 301
49 140 34 8 40 63 187 18 55 186 164 5 174 20 147 190 175 61 154 5 71 171 138 174 15 30 170 103 175 192 149 20 14 83 101 1 9 180 22 90 64 166 152 80 142 152 156 117 3 39 189 178 32 46 62 41 6 63 26 188 117 9 61 96 75 70 84 163 156 71 95 198
148 163 74 197 51 27 168 165 75 86 60 173 190 97 28 147 129 8 69 193 19 58 141 193 111 178 34 95 122 122 133 75 33 167 39 1 82 146 154 37 119 186 68 79 23 90 171 121 151 55 150 149 109 5 136 78 7 110 94 167 139 24 125 64 134 15 47 67 8 169 64 101
65 453
10 106 166 87 149 50 162 129 90 30 30 163 106 116 110 67 135 19 97 25 51 40 101 196 84 145 162 117 117 73 72 48 1 10 170 106 12 184 17 54 156 12 10 87 64 7 50 94 71 125 41 163 79 117 29 194 72 52 37 62 49 188 73 112 87
47 197 174 174 147 44 76 32 164 4 137 53 58 55 89 71 124 52 105 45 26 13 168 142 25 113 60 19 184 178 139 159 1 110 187 172 97 113 179 100 151 117 81 78 159 136 54 63 103 192 182 53 99 95 122 184 157 33 138 53 68 98 33 143 36
6 842
18 180 1 142 169 159
97 48 1 175 87 41
13 1330
25 148 84 106 45 55 1 96 20 55 112 198 175
32 87 196 23 179 108 1 7 65 151 1 5 167
63 1109
159 95 68 21 141 125 57 92 24 135 3 98 141 118 165 152 45 10 191 15 60 115 22 197 97 191 24 165 87 183 194 1 132 102 116 5 6 43 30 23 122 129 5 60 80 94 129 63 105 86 31 147 10 15 28 20 2 45 194 49 51 145 112
85 135 194 151 79 185 131 129 139 195 141 114 47 68 160 123 46 112 30 131 139 116 159 45 83 100 40 164 35 51 135 1 135 123 116 176 120 27 39 78 14 145 94 91 43 73 19 12 164 172 91 36 190 191 37 101 149 7 57 73 142 179 159
21 171
122 140 166 92 27 69 94 107 188 6 1 5 148 140 60 179 108 37 107 151 185
76 104 86 127 106 7 88 48 104 181 1 162 150 11 81 182 70 25 128 134 171
57 1472
59 78 53 179 88 125 84 150 97 77 149 29 41 188 54 55 181 61 166 101 174 192 193 152 20 44 93 175 107 61 145 23 151 61 74 74 138 55 110 170 186 1 189 114 88 6 194 108 14 12 129 85 54 147 98 147 81
150 198 83 164 183 187 16 144 128 4 113 55 131 177 31 64 84 185 39 6 25 57 93 41 28 168 24 85 114 160 68 125 83 69 161 47 17 130 7 81 165 30 175 47 127 184 180 144 169 87 37 18 140 115 116 83 147
24 1368
73 19 104 96 155 193 124 7 193 22 182 1 36 162 157 40 3 93 185 155 144 10 103 22
178 113 176 97 4 120 156 4 91 198 168 1 10 68 26 181 10 107 189 91 147 67 16 47
23 1858
44 115 119 116 169 57 5 169 117 37 43 1 198 20 70 166 69 171 181 170 62 108 189
40 107 150 32 24 160 11 49 153 24 132 1 24 172 30 113 80 139 39 149 178 18 76
60 1195
180 80 187 178 25 59 178 159 56 137 120 185 36 151 72 32 127 177 113 1 102 31 35 29 23 127 22 74 59 32 96 86 127 87 168 127 98 52 51 174 196 14 67 178 63 7 176 132 106 44 57 45 80 190 127 106 167 195 157 109
55 174 50 136 149 95 25 198 130 37 58 133 45 24 121 4 112 113 154 137 59 31 142 91 165 142 63 9 176 131 16 23 62 39 87 21 110 84 32 73 52 169 87 125 161 110 92 54 19 73 171 154 96 82 115 74 119 185 124 171
46 51
81 111 17 182 40 31 144 132 95 48 84 118 150 153 149 77 104 144 155 132 116 79 1 144 172 68 108 37 115 18 82 195 186 104 15 86 149 93 78 96 130 56 4 197 34 84
164 164 16 61 39 85 62 133 11 200 166 30 26 10 189 181 188 120 126 195 114 59 1 69 143 8 137 9 142 15 47 185 138 140 36 82 116 76 188 49 116 189 93 70 166 67
31 1524
51 168 89 141 16 90 69 47 167 31 116 67 56 29 118 1 141 25 22 107 159 48 66 94 173 6 63 151 27 9 171
149 154 134 174 42 60 119 116 176 175 187 112 52 140 193 1 88 181 166 189 148 179 46 32 77 88 24 118 179 96 130
17 1484
17 44 157 178 97 45 174 146 1 33 79 98 114 153 187 99 110
40 190 150 67 177 114 90 146 1 28 183 57 58 84 119 156 143
46 1201
44 36 51 6 122 122 158 67 89 44 21 38 67 115 30 146 85 118 13 64 26 172 1 170 153 181 161 85 106 106 161 160 184 85 152 33 132 111 194 154 196 71 56 134 9 47
75 93 32 177 103 87 155 36 164 2 196 160 136 128 11 74 181 88 123 86 185 183 1 180 13 126 170 179 151 135 51 46 77 148 148 177 4 175 32 146 86 156 107 161 40 170
37 505
167 187 124 150 66 112 7 159 2 46 62 83 165 187 13 121 157 133 1 36 114 190 155 32 7 132 81 15 58 8 133 152 139 168 69 150 53
25 51 138 156 33 128 105 160 155 25 53 148 92 163 180 131 108 80 1 63 99 73 101 156 29 68 15 45 153 22 80 89 36 136 155 134 139
35 322
191 115 18 17 164 95 136 194 134 108 132 159 182 134 151 193 128 1 56 196 136 192 96 90 34 156 24 117 126 190 141 17 144 165 11
38 197 198 99 31 21 54 68 97 24 75 200 60 186 139 141 59 1 106 172 42 71 186 181 197 166 67 5 50 76 134 20 106 152 112
76 352
154 121 51 133 159 2 106 138 120 107 13 79 180 59 59 88 47 116 169 85 40 60 156 176 76 86 157 147 111 78 186 85 76 81 152 123 3 136 179 32 97 45 184 142 197 168 88 166 4 159 114 98 16 25 48 152 76 197 187 58 109 69 28 110 135 139 102 68 173 62 52 163 161 90 1 34
114 1 10 85 40 182 118 32 79 60 123 108 196 190 181 164 160 49 200 127 86 145 197 75 83 40 116 137 6 122 117 32 1 45 165 191 183 158 63 6 69 54 192 95 19 134 52 163 198 156 82 68 185 146 8 144 196 12 138 135 25 196 186 184 69 48 188 117 92 20 165 79 112 99 147 61
32 1096
56 39 134 186 172 11 155 83 154 133 116 180 143 104 193 1 129 117 95 85 140 9 182 166 128 3 142 153 66 164 34 57
151 118 125 24 39 39 183 168 86 69 45 6 132 128 27 1 171 62 102 19 47 46 43 135 98 196 134 36 56 58 96 162
54 471
175 179 131 58 116 134 173 130 9 61 11 168 135 69 115 21 200 100 69 125 195 169 24 47 73 96 1 8 168 118 115 76 137 100 84 141 34 149 160 144 6 19 158 116 6 111 171 90 113 64 165 25 17 111
113 59 71 92 39 33 14 128 23 161 78 174 154 144 87 90 199 82 157 137 11 120 51 184 59 83 1 23 29 35 138 66 175 5 24 30 110 9 147 184 191 94 178 125 34 73 186 59 189 196 156 150 126 128
34 1585
112 197 122 59 182 23 89 30 4 119 89 126 184 39 70 100 91 14 153 1 41 178 72 10 149 45 114 103 64 191 106 66 89 160
29 82 106 38 17 93 145 178 142 19 83 114 143 94 62 133 48 12 25 134 175 81 8 27 80 190 170 98 93 134 42 196 32 193
15 1493
127 39 80 63 136 121 153 1 131 51 50 115 152 98 196
48 56 110 41 164 132 34 1 117 74 156 67 4 63 105
77 962
104 82 73 176 59 139 81 169 108 37 127 175 106 92 129 79 29 119 56 61 141 77 142 137 168 109 27 75 60 138 182 124 176 15 40 96 25 106 1 119 118 85 63 28 76 13 181 171 83 90 163 6 61 57 56 124 107 69 70 194 13 105 46 52 163 154 77 64 22 69 199 2 151 25 117 68 128
12 135 144 8 96 163 192 164 171 109 151 30 25 54 17 185 160 101 94 114 151 174 197 1 125 46 84 133 166 140 16 162 195 31 75 133 124 119 1 40 180 144 111 74 165 9 89 108 137 122 185 139 111 133 128 173 160 121 96 145 158 193 27 80 141 125 159 137 72 77 192 105 22 172 170 129 173
51 220
199 5 16 38 116 29 125 166 193 180 188 67 126 137 107 177 85 18 138 144 108 94 126 107 177 1 41 172 118 170 68 32 31 156 9 126 175 52 78 170 195 170 117 153 200 161 172 171 194 123 128
124 162 158 93 101 137 50 123 167 96 4 56 135 53 9 57 181 52 8 6 125 184 59 118 86 1 32 166 108 176 99 104 2 121 51 68 19 52 158 54 86 35 141 186 74 67 193 3 78 2 200
6 205
18 106 1 53 113 162
72 47 1 175 174 181
42 547
167 187 83 71 65 82 17 138 64 61 106 196 16 83 88 42 164 85 91 51 1 45 93 128 40 77 30 54 131 174 35 176 195 196 166 143 129 27 120 129 94 104
65 127 111 5 16 139 10 38 107 169 42 110 108 177 148 6 181 46 155 107 1 139 182 156 189 145 24 197 136 170 15 198 12 37 46 88 187 22 106 160 5 75
38 1194
24 197 32 163 181 170 146 173 175 75 123 58 106 8 178 70 49 149 1 38 21 158 45 6 31 171 179 108 132 196 53 14 36 132 25 66 79 115
110 197 32 159 158 176 135 89 102 1 147 51 104 161 187 153 67 80 1 30 159 118 130 19 33 105 29 36 67 61 18 101 162 85 121 197 175 124
75 1022
142 104 144 141 69 69 84 186 174 11 57 178 184 49 179 73 191 33 162 136 148 199 77 128 156 58 124 85 91 60 37 141 61 65 49 156 108 1 89 137 195 7 181 81 24 44 24 192 61 58 8 57 119 51 140 155 134 155 156 41 175 144 19 34 190 140 7 113 30 36 54 6 54 5 147
87 113 34 51 72 17 121 97 21 57 187 122 56 50 105 121 177 86 125 183 156 31 184 2 138 12 35 59 133 69 133 28 125 22 153 196 106 1 106 196 147 70 92 23 140 13 184 84 56 109 13 116 35 159 188 86 113 66 35 132 84 150 135 79 43 198 196 125 115 121 142 187 160 162 45
26 1841
80 22 170 129 49 108 15 132 87 116 108 79 1 75 79 2 154 7 30 185 154 86 16 163 136 194
36 98 7 159 68 56 172 196 167 140 73 114 1 130 119 158 24 75 135 31 93 168 17 102 30 195
27 376
60 58 15 4 45 192 31 138 3 60 59 9 129 1 90 145 141 35 89 76 147 135 191 145 115 137 30
86 134 136 169 157 51 173 16 91 40 75 173 96 1 104 150 2 108 39 133 19 178 72 146 4 125 145
11 554
40 31 155 183 128 1 7 52 47 83 10
51 82 127 47 17 1 29 154 187 190 179
29 1737
134 200 168 73 99 40 30 52 143 29 186 54 18 21 1 55 130 114 55 55 40 62 20 82 21 63 189 190 156
71 163 49 159 103 5 174 109 157 149 80 32 88 180 1 151 7 97 138 105 47 21 65 114 110 6 68 7 162
76 1891
69 124 198 46 126 61 50 138 186 135 80 164 17 178 66 96 107 35 159 12 84 153 145 106 12 87 141 62 106 32 106 57 50 20 123 196 54 43 141 79 92 146 119 141 151 147 52 20 199 61 21 31 156 175 124 200 121 48 57 167 112 14 20 16 71 43 132 20 1 136 198 91 184 109 30 150
192 150 189 4 52 117 122 22 171 6 149 20 153 124 115 86 171 56 80 36 72 85 42 130 193 43 2 157 40 172 128 12 92 9 31 158 148 198 100 104 117 33 160 176 173 56 156 101 39 73 57 26 25 97 53 16 98 191 140 7 65 163 33 170 76 43 25 88 194 124 87 119 90 192 27 141
42 1825
56 196 185 98 13 3 69 26 78 42 142 58 169 29 180 34 134 9 199 48 1 44 4 62 44 2 33 91 50 23 142 167 37 97 80 46 146 73 62 134 142 194
63 71 19 179 30 33 3 156 24 169 178 2 87 71 72 187 29 118 106 12 1 107 21 34 56 137 11 153 71 29 56 27 175 35 144 167 41 149 87 57 135 126
64 978
30 106 127 60 25 67 83 17 16 121 62 127 190 82 97 170 125 178 25 95 37 122 11 199 51 18 156 108 115 32 120 1 180 47 55 53 54 162 64 193 182 27 58 34 178 135 17 93 89 200 79 138 130 99 11 108 6 81 123 35 82 149 144 46
147 53 47 93 96 121 98 80 162 41 134 196 20 135 179 126 27 51 190 50 113 119 138 178 71 113 96 145 141 11 1 1 66 4 141 92 175 16 112 115 11 137 86 173 65 97 23 196 139 95 4 84 100 194 44 145 86 63 66 100 122 51 41 184
75 353
31 153 93 67 75 186 22 171 6 72 145 113 3 85 192 149 71 190 135 58 37 95 138 64 110 134 39 50 7 146 196 172 147 85 72 41 88 1 152 71 67 18 155 51 152 110 193 116 97 171 45 77 146 61 127 109 40 154 144 154 103 193 48 34 12 16 168 141 190 114 36 12 52 68 73
9 168 82 143 78 134 191 54 45 40 153 93 9 1 63 22 101 115 8 9 195 58 65 143 135 6 199 194 134 150 94 18 113 81 94 109 135 1 181 61 157 58 67 161 148 147 33 139 200 169 12 85 146 49 84 145 78 194 156 95 15 96 61 96 5 57 44 65 153 68 174 75 166 147 173
29 800
188 23 198 34 12 170 93 196 14 149 82 76 30 32 1 29 114 145 59 25 180 153 55 106 8 69 118 126 192
138 187 56 162 50 131 110 82 109 50 113 85 96 102 1 7 51 112 131 22 194 72 148 68 6 41 97 147 157
64 801
133 170 80 109 196 159 78 199 10 152 61 58 68 77 91 22 58 20 56 26 13 26 47 22 31 177 97 70 120 175 127 1 186 72 83 44 32 186 197 190 84 119 151 95 37 183 16 98 72 194 17 2 58 30 49 82 184 15 91 107 130 194 6 98
29 46 114 138 133 175 111 132 104 17 172 179 135 59 77 23 191 137 129 52 184 91 176 8 125 92 186 164 98 10 196 1 155 41 97 96 70 30 159 28 166 132 140 22 69 115 166 1 169 155 37 49 139 55 19 84 152 86 110 79 89 98 43 78
21 1573
184 80 180 75 143 180 159 127 1 34 48 100 13 35 87 105 178 6 24 118 106
180 137 89 10 123 176 116 173 169 60 116 193 58 110 198 70 136 157 32 119 98
17 256
13 37 141 176 185 132 85 11 1 192 50 50 180 143 16 101 161
173 165 70 140 76 149 167 171 1 93 149 25 119 85 189 180 137
31 456
158 193 99 43 42 105 119 50 44 145 170 60 27 117 48 1 36 51 59 21 50 58 173 88 110 191 71 15 161 36 47
72 95 124 183 53 158 96 168 51 23 87 137 160 187 165 1 184 87 46 101 126 169 107 17 32 79 2 97 83 160 27
13 1822
10 121 116 120 18 134 1 159 53 175 151 171 24
119 20 141 166 129 191 1 97 149 123 141 63 6
73 1787
32 104 161 13 117 42 165 76 147 200 135 25 66 99 153 111 115 129 190 152 129 143 71 196 156 72 120 78 43 26 1 84 101 191 57 147 190 29 164 132 18 113 3 25 118 144 137 34 39 79 21 31 171 173 34 4 59 91 58 57 69 45 27 146 157 63 2 138 55 57 118 90 128
91 193 24 77 84 86 127 152 186 151 126 37 196 89 73 185 14 76 93 58 145 93 171 169 195 42 48 185 177 148 136 116 12 90 94 185 42 12 24 71 3 89 190 45 2 119 27 38 176 47 178 162 59 134 104 3 116 61 67 175 1 157 30 17 25 177 45 172 62 88 60 176 132
40 1118
199 63 196 175 137 143 97 22 50 21 125 144 40 169 117 103 152 85 25 1 132 158 173 77 195 30 29 161 159 35 37 94 6 38 141 95 78 3 183 175
196 19 108 175 121 46 6 50 112 105 29 42 186 167 156 67 166 99 12 1 16 28 132 174 49 119 174 68 129 27 89 188 130 30 63 24 52 2 79 129
33 1508
48 130 175 88 66 1 15 41 188 115 157 86 145 190 149 27 127 155 195 165 22 123 123 88 200 96 145 66 153 112 27 48 94
107 160 40 161 76 111 7 53 133 34 144 159 20 71 20 196 156 53 194 13 165 36 115 63 2 156 133 41 7 101 138 105 154
68 505
99 4 189 156 193 126 197 99 106 134 75 110 182 157 62 19 89 32 100 141 133 36 190 22 155 152 151 82 121 111 7 46 102 124 167 198 185 28 71 69 107 54 185 140 76 191 82 129 64 89 20 129 22 130 60 69 123 22 112 116 115 69 94 83 1 139 160 175
73 120 127 112 43 192 21 141 117 58 45 53 109 27 17 112 22 30 139 45 18 129 87 95 155 29 13 84 38 182 81 95 77 154 16 99 185 175 1 25 173 57 87 58 2 82 36 136 52 30 38 4 108 45 151 166 74 59 161 188 107 196 197 158 171 172 67 182
60 1808
26 7 102 72 139 36 170 65 97 187 115 102 158 72 43 141 86 65 27 62 71 171 198 30 145 26 155 64 188 1 37 153 139 61 105 81 123 167 190 167 164 145 70 183 199 191 75 61 113 129 147 96 164 142 9 39 51 91 47 129
185 46 129 123 183 7 150 39 158 180 187 54 62 85 150 20 147 188 136 165 97 40 35 95 17 11 127 65 88 1 41 74 18 165 75 175 4 121 196 134 192 119 160 58 83 187 144 13 73 169 161 70 62 106 108 173 135 120 25 45
50 709
32 15 97 116 47 137 84 155 158 84 136 35 157 154 77 157 48 151 1 24 81 141 164 140 162 21 60 26 87 53 94 23 131 140 191 82 75 186 20 111 99 30 137 126 138 89 139 28 36 104
85 92 79 177 63 142 53 25 164 148 86 178 81 86 164 108 123 96 67 47 160 164 47 121 175 97 55 16 131 163 9 93 173 83 163 71 22 38 125 182 131 110 8 175 178 184 111 21 168 26
38 59
97 158 194 159 110 186 119 147 48 125 171 199 84 166 59 123 3 141 1 51 107 9 13 172 142 147 111 111 130 84 74 47 189 175 37 66 164 72
156 82 177 104 9 140 74 196 36 136 63 199 34 139 47 107 80 196 1 118 188 177 155 12 97 113 97 146 28 141 158 28 187 197 25 96 74 176
49 461
187 44 33 182 52 122 4 45 175 189 181 126 72 119 17 139 171 193 87 2 189 25 22 146 1 98 110 79 64 77 199 188 148 76 105 124 103 189 168 73 19 53 192 14 33 88 8 104 54
121 86 154 95 64 135 148 2 33 150 25 46 90 144 50 156 182 155 126 138 123 144 69 197 1 34 23 182 150 81 167 121 180 186 29 46 100 125 134 20 170 81 84 56 90 183 75 155 131
13 686
159 155 114 137 29 5 1 80 92 129 134 11 42
15 13 144 33 9 200 1 122 45 76 16 141 114
75 952
196 156 105 118 6 3 15 185 167 66 60 86 161 37 161 48 173 13 65 198 89 160 110 199 112 135 161 116 68 122 187 88 76 139 134 66 40 1 120 25 91 2 83 124 20 81 118 68 172 36 94 127 77 33 29 27 168 74 48 103 145 177 55 158 2 83 46 131 115 71 173 118 77 94 139
138 106 111 170 7 186 7 145 16 59 194 145 96 2 83 108 3 29 83 22 152 103 144 77 16 171 172 121 152 180 121 111 52 92 136 22 25 1 75 31 111 51 69 102 197 158 120 145 6 105 101 133 155 197 58 71 180 2 197 68 136 62 45 178 194 47 161 123 164 95 97 140 191 76 148
36 1559
83 97 116 67 199 68 61 119 113 22 37 177 81 141 17 53 58 1 155 194 60 149 10 151 159 7 14 164 4 16 43 24 169 25 26 179
72 90 54 69 101 45 198 127 141 85 91 65 70 171 35 52 101 1 159 153 61 72 19 123 172 148 135 94 56 173 68 100 116 75 18 37
56 978
109 98 161 182 156 54 40 127 182 74 20 72 20 165 134 78 185 4 135 16 83 113 31 80 111 168 99 1 87 20 140 165 24 20 104 152 9 59 6 2 43 149 159 114 76 17 30 90 53 115 48 94 33 46 194 105
39 59 9 120 195 71 10 7 121 5 194 196 97 199 194 194 127 97 137 42 22 74 191 12 153 82 39 1 194 20 97 124 168 110 188 186 64 39 138 68 169 93 130 197 134 15 133 5 61 156 18 8 104 38 199 188
74 1576
32 135 26 30 176 126 16 125 86 51 132 34 120 128 118 181 75 46 76 93 86 67 148 87 115 163 172 176 127 67 101 145 113 179 169 190 194 11 47 126 187 111 188 1 93 63 114 72 53 166 26 26 11 111 86 74 28 133 174 185 153 10 158 196 36 182 69 79 195 192 129 7 200 122
29 145 10 194 12 65 178 82 125 179 83 178 179 24 47 149 115 100 75 51 171 54 191 33 138 47 149 92 55 197 47 128 142 188 24 6 56 141 50 113 40 110 38 67 68 145 159 27 51 21 156 19 37 9 36 24 136 167 86 66 199 18 34 10 162 61 7 31 141 32 65 156 92 125
76 747
190 57 98 137 175 7 184 67 57 154 45 64 37 142 92 169 150 185 191 45 44 25 29 40 103 37 27 150 19 125 113 144 70 13 152 176 11 1 42 28 108 43 67 197 187 148 166 112 122 46 133 19 125 86 106 14 128 99 200 184 167 188 125 70 128 22 88 107 134 129 57 155 151 83 99 40
81 152 14 46 172 108 27 14 61 200 82 51 16 111 70 34 25 200 121 117 3 27 91 37 193 147 52 63 43 111 93 14 80 60 57 195 152 1 164 97 16 134 144 38 121 99 43 35 77 25 173 96 143 166 113 13 57 147 95 138 83 84 52 198 115 12 192 12 193 191 143 185 53 102 66 18
146 1260
101 78 21 85 169 33 135 19 108 158 60 67 161 159 182 179 81 5 13 142 165 159 43 66 53 115 82 157 146 194 124 113 132 56 110 28 74 124 163 17 164 30 64 192 4 39 61 82 172 87 85 154 51 73 19 132 124 179 51 147 107 133 88 110 103 140 61 97 75 76 162 26 73 23 126 129 106 150 180 4 6 21 141 129 39 11 115 189 192 62 132 101 3 181 13 16 32 188 105 90 24 47 87 77 149 148 127 68 2 63 33 137 66 139 192 65 79 104 1 195 69 181 142 181 48 13 73 47 25 59 12 134 89 7 121 190 95 88 121 34 63 200 195 176 183 138
24 171 157 42 124 75 118 16 76 62 60 94 165 200 58 83 56 101 41 133 126 99 178 102 23 64 181 195 67 79 124 4 117 96 197 74 186 116 190 167 131 46 138 9 137 127 104 192 137 81 114 158 78 166 41 182 114 187 170 55 185 167 167 60 196 188 46 111 122 93 160 85 5 123 169 184 62 193 59 82 96 66 118 167 156 152 36 187 11 118 190 37 3 182 185 171 36 124 116 95 100 138 187 79 138 80 200 82 49 167 78 16 124 170 28 15 63 165 132 149 142 148 48 95 43 32 149 90 185 168 75 42 37 89 1 189 122 188 68 169 47 87 199 171 186 147
90 159
188 60 190 99 120 52 180 27 92 59 127 42 128 88 122 88 200 7 30 71 49 109 46 193 128 132 160 156 149 105 46 83 195 138 146 173 34 174 72 119 121 52 23 119 105 145 71 99 68 88 147 160 197 162 51 18 83 2 180 180 199 138 102 85 175 135 137 5 178 153 151 150 191 41 128 159 47 147 36 70 107 35 1 80 110 110 153 148 114 18
101 146 180 131 193 160 172 13 89 44 6 102 176 66 100 62 99 141 105 150 74 28 87 137 3 54 173 88 195 22 144 197 90 24 160 195 33 31 166 199 51 32 159 123 175 102 27 65 188 14 13 132 133 68 33 171 70 57 73 37 124 21 188 122 125 74 46 85 119 28 170 185 104 123 172 126 48 149 183 10 156 195 192 130 32 12 11 144 188 41
95 1290
119 175 106 199 172 34 52 149 68 162 21 187 10 108 93 154 176 179 90 112 187 170 83 169 128 78 148 20 69 87 97 76 72 58 135 173 18 63 12 154 64 192 48 24 90 180 102 1 13 85 140 172 103 161 16 157 98 194 159 164 128 137 150 106 117 60 151 117 16 70 143 110 174 136 72 83 146 84 118 160 82 194 2 36 138 48 84 72 163 93 10 137 146 153 160
158 17 10 127 58 158 186 131 10 177 67 168 53 27 19 163 128 34 130 13 98 38 119 102 82 101 17 109 127 113 192 25 6 161 121 73 94 53 31 92 32 164 11 68 111 186 55 1 19 147 9 109 34 114 115 79 148 97 18 200 143 181 147 162 142 8 31 5 77 31 27 40 55 84 51 151 20 47 189 186 19 32 110 17 106 81 109 57 160 187 175 155 20 15 112
163 488
131 25 55 52 70 24 159 161 7 60 180 123 168 92 187 72 189 104 13 138 6 186 161 189 151 134 148 158 83 97 44 89 169 26 98 166 77 171 200 3 111 183 144 76 141 46 44 16 77 48 157 29 67 69 109 120 110 180 195 30 131 71 160 42 32 162 54 20 140 138 62 171 112 176 109 144 80 116 5 27 198 1 81 170 33 19 117 168 91 189 100 189 50 73 13 41 190 60 8 41 88 189 200 87 3 192 159 136 188 166 59 113 173 118 104 76 170 51 172 115 164 180 190 34 124 80 156 182 67 60 10 17 150 51 157 200 23 194 46 140 177 55 114 60 87 53 157 26 137 179 193 164 109 178 135 27 39 195 68 83 76 154 157
194 84 13 144 51 153 48 74 53 16 148 77 75 79 44 69 49 43 155 34 162 116 98 167 200 82 56 67 49 69 121 32 192 133 164 103 103 37 159 102 136 10 141 26 124 185 134 164 42 174 13 33 199 19 23 171 55 53 7 87 75 126 39 36 89 188 190 120 40 200 58 123 150 58 5 39 167 191 157 36 140 1 194 20 108 46 141 180 95 199 84 131 56 54 99 10 15 70 181 192 60 156 109 42 75 54 132 160 9 152 6 49 124 132 159 144 64 121 138 127 106 74 116 177 199 134 144 128 100 122 135 179 68 74 165 120 179 12 27 121 171 132 36 180 71 48 70 106 29 45 178 15 109 154 69 63 81 152 6 107 136 32 132
164 387
160 89 197 119 113 11 117 62 69 59 61 194 180 119 31 180 26 93 72 127 11 182 77 185 50 185 136 149 29 3 26 200 2 25 55 160 192 95 88 165 74 151 31 28 118 70 163 97 113 140 25 136 192 36 62 167 53 96 168 46 152 83 87 182 100 119 20 44 188 41 183 184 28 22 1 183 37 169 43 75 23 122 150 156 196 186 58 165 199 31 109 6 77 69 28 118 87 195 4 77 49 128 135 191 183 188 186 188 120 38 150 149 145 128 197 50 18 103 22 190 19 198 122 122 193 44 65 82 38 61 165 31 88 38 130 16 108 8 150 126 40 37 112 17 79 135 140 128 49 191 144 182 170 184 118 14 29 164 119 40 162 143 90 183
68 152 52 105 48 199 37 155 56 88 93 88 100 136 7 190 68 23 163 184 89 79 195 97 43 62 130 67 19 59 182 51 93 25 104 17 93 69 80 137 101 161 99 11 30 95 69 116 122 120 99 16 31 79 153 135 117 35 123 37 67 66 179 200 121 76 6 163 79 49 159 188 79 195 19 104 65 124 102 95 145 194 165 138 148 178 121 85 139 151 13 146 127 72 143 50 39 188 102 199 15 107 45 86 174 91 194 15 56 99 107 188 95 100 4 45 178 105 46 156 129 156 186 193 159 143 192 162 9 34 111 134 85 61 179 100 13 181 129 143 169 56 118 149 30 195 165 179 166 131 158 3 189 120 61 109 50 140 133 149 174 53 71 139
142 1503
21 130 86 191 122 81 168 136 200 15 155 165 132 120 144 38 189 118 122 94 119 130 34 120 23 176 166 27 97 163 52 108 71 66 84 187 85 39 36 55 197 188 25 11 111 17 126 105 101 92 81 138 97 186 191 142 125 52 94 174 188 69 114 164 95 151 84 91 120 112 20 48 134 93 162 135 8 117 128 87 135 101 181 198 20 10 65 183 156 129 45 169 17 125 117 23 152 20 66 183 181 76 1 147 37 25 89 85 182 154 124 52 50 110 192 200 36 121 37 143 94 58 64 40 55 198 72 156 71 36 61 138 14 83 29 27 96 105 178 107 40 114
131 2 51 21 60 87 109 83 7 191 128 98 54 114 107 164 119 74 108 43 174 38 17 185 87 178 92 98 146 193 1 40 25 192 159 2 68 70 111 59 182 114 166 73 174 114 125 148 170 185 78 165 129 132 192 187 129 149 63 156 190 65 174 15 55 175 40 180 77 110 53 145 100 179 66 101 155 121 80 175 189 18 192 100 61 39 57 150 28 69 63 52 37 97 163 3 123 84 169 85 192 198 10 156 75 34 145 58 161 50 176 27 23 116 92 124 27 36 68 25 119 183 95 197 145 130 49 121 17 14 188 48 10 2 25 123 84 159 96 185 104 111
41 1915
183 190 92 158 97 190 125 108 93 186 113 44 100 26 145 138 6 97 129 77 1 108 189 3 121 29 103 3 106 71 108 32 87 162 134 193 161 114 171 181 56
126 19 50 181 171 131 19 151 3 197 116 171 35 165 129 79 128 97 6 178 1 53 167 81 188 33 72 154 28 2 8 114 129 16 191 62 52 149 68 91 9
129 1589
32 64 58 42 93 182 153 147 86 100 142 194 33 155 134 102 59 5 2 185 118 25 109 109 13 191 77 170 109 101 105 158 118 31 7 165 133 147 112 139 118 182 113 56 27 15 110 47 86 50 196 168 154 120 24 93 139 88 25 175 154 135 65 194 9 193 8 83 130 130 164 199 47 104 84 75 171 52 93 136 39 9 41 6 45 27 108 62 14 178 196 134 116 1 181 60 16 64 111 130 156 115 133 121 94 195 53 6 64 175 94 62 54 117 145 71 105 67 65 135 37 198 8 9 161 114 121 115 51
78 89 86 117 73 180 144 39 91 46 166 64 174 40 30 165 165 68 46 94 166 71 171 194 160 107 184 62 124 42 2 164 162 119 167 77 189 193 7 76 129 195 152 173 108 132 124 179 29 92 14 128 66 17 58 94 74 3 95 52 141 63 181 150 43 156 113 161 155 106 22 102 38 24 79 37 161 35 45 53 129 46 91 122 135 9 25 155 166 97 4 166 185 8 136 19 68 8 69 155 156 15 129 146 98 89 128 168 6 44 187 109 125 164 198 52 137 37 187 158 129 89 4 71 135 54 127 175 183
66 306
180 199 97 25 155 71 39 32 23 68 126 141 59 173 189 7 22 156 125 182 90 22 24 125 196 133 28 120 80 98 105 188 1 147 74 168 84 42 146 105 61 15 14 125 129 114 182 111 148 186 137 88 47 79 47 85 124 147 136 182 197 97 148 75 15 19
160 36 17 161 159 191 20 198 192 136 133 47 55 61 62 120 157 70 180 80 4 128 5 198 144 122 74 38 92 69 56 78 1 89 129 163 142 107 166 142 189 88 86 94 174 33 53 146 57 173 106 21 129 192 183 107 51 137 23 64 95 178 7 47 12 104
27 57
76 187 107 89 43 42 148 12 193 176 89 47 121 1 116 149 157 145 71 6 196 54 127 176 176 159 178
163 154 185 191 12 189 129 82 160 89 75 163 13 1 43 191 87 63 185 114 199 95 17 119 104 64 157
120 1037
170 142 98 180 81 69 60 168 24 101 38 21 180 29 40 159 62 197 46 164 51 28 105 116 169 30 45 123 132 84 14 83 46 185 7 16 132 119 191 68 51 68 50 22 198 56 51 37 169 187 72 33 150 143 137 154 58 33 115 1 63 74 136 161 186 79 54 164 14 198 67 89 123 134 31 53 74 157 92 113 17 135 6 176 156 72 75 50 137 138 163 11 21 197 36 189 4 177 125 179 76 5 114 99 93 168 178 43 48 14 100 191 29 63 71 136 195 200 50 61
104 37 42 54 124 103 74 55 22 150 77 166 131 109 159 161 52 159 176 126 32 110 196 128 17 158 2 176 104 123 195 27 80 91 100 58 196 188 35 111 49 47 143 133 57 11 138 97 173 176 155 155 151 92 10 187 173 59 6 1 46 113 62 104 100 58 63 155 106 102 151 76 73 190 77 93 79 9 118 78 143 22 98 171 173 174 112 197 135 167 191 37 119 112 109 4 75 9 104 32 2 102 6 2 36 55 130 150 40 36 2 103 168 105 193 99 92 60 50 142
49 653
148 109 117 182 143 83 184 101 167 191 21 98 196 22 40 187 178 129 2 175 143 30 72 75 156 44 1 149 39 51 133 16 83 155 158 133 137 177 147 150 68 30 37 64 52 104 103 45 119
167 191 108 130 81 134 63 198 123 54 185 173 147 56 59 187 95 94 110 97 9 78 82 190 65 177 93 196 122 30 37 110 97 37 129 100 114 160 52 102 145 69 130 75 115 184 71 138 199
146 1071
79 176 123 79 108 122 172 43 33 34 125 171 111 164 165 106 146 114 89 88 19 123 17 149 175 37 22 126 174 161 130 85 3 95 141 39 47 52 77 64 133 150 58 37 68 73 167 175 58 164 155 108 162 16 110 41 130 147 169 122 84 184 54 123 179 60 87 38 77 142 35 179 76 6 11 32 72 97 126 35 105 93 12 95 86 25 169 187 79 89 119 136 87 67 2 172 99 1 145 150 82 149 129 94 78 200 54 90 70 56 160 81 90 120 127 15 146 10 1 137 189 178 175 85 126 19 118 47 132 144 138 170 72 61 186 102 36 167 49 158 143 162 75 171 125 169
58 167 105 21 28 175 104 8 59 36 89 27 15 30 89 195 33 68 192 196 162 142 165 49 134 99 7 132 41 90 18 27 150 91 134 159 161 63 200 52 100 154 27 183 150 149 109 121 69 198 2 153 159 190 31 42 143 139 135 36 194 51 159 111 86 85 167 200 5 186 182 116 77 45 127 95 16 125 19 56 94 143 130 88 36 120 3 45 192 42 120 142 32 164 53 58 64 110 95 30 126 50 87 159 134 148 87 92 108 24 27 10 81 34 21 160 115 26 55 30 88 42 19 196 140 37 100 159 118 11 158 35 131 72 197 174 31 10 51 174 176 12 8 159 114 14
159 1808
49 21 167 9 83 50 6 51 23 138 157 144 123 192 82 84 110 142 13 95 145 95 145 112 42 54 118 76 65 186 34 179 125 170 173 32 111 19 23 125 83 166 175 143 13 88 197 141 89 9 126 130 118 195 29 108 97 15 19 62 37 180 119 57 182 20 57 46 48 18 159 92 54 78 167 54 41 140 105 1 14 144 190 196 181 66 193 146 118 118 114 40 109 17 79 3 175 162 39 2 73 110 79 63 182 80 56 153 2 80 54 124 132 145 193 189 116 33 57 189 28 37 43 150 109 76 15 94 35 115 87 147 106 147 26 104 60 87 80 98 121 5 75 32 40 191 105 32 67 76 170 145 70 130 123 192 103 129 198
143 61 158 20 44 49 98 163 145 184 165 127 68 43 15 82 104 76 150 95 96 150 146 119 2 150 197 192 20 98 69 143 72 137 16 117 126 55 82 17 179 152 194 191 128 46 18 121 110 61 40 188 148 92 119 64 26 72 110 183 150 185 120 8 66 107 149 126 40 29 77 55 58 72 140 156 34 159 197 1 90 70 142 38 165 91 109 47 175 85 124 106 131 165 134 92 146 165 109 20 19 65 7 196 181 47 71 116 169 80 34 181 85 170 98 17 51 194 96 190 21 35 189 44 181 114 151 146 190 179 56 154 179 114 88 53 140 102 188 140 125 135 51 61 98 79 137 10 131 93 179 29 184 101 179 43 148 177 112
109 1930
10 68 115 76 181 26 81 178 105 154 38 174 92 69 14 31 188 41 148 36 170 78 182 103 67 18 152 196 45 84 26 137 115 67 196 143 114 118 179 86 27 101 197 173 16 4 74 6 69 2 126 133 116 134 1 91 25 178 190 63 109 198 157 74 27 193 171 142 126 83 198 147 67 44 129 166 75 123 70 160 22 151 76 133 119 100 92 139 25 119 191 141 102 199 10 18 109 127 12 137 179 46 137 132 117 113 189 75 116
179 114 99 182 151 150 122 102 60 180 145 141 103 42 58 175 98 103 68 129 61 2 8 39 56 104 191 43 17 11 66 13 129 63 102 117 20 96 20 45 55 178 48 42 8 41 140 188 72 16 144 39 50 94 1 200 143 22 102 158 18 134 155 25 27 152 125 38 76 147 125 23 76 9 58 37 115 183 196 48 152 144 92 1 168 117 198 111 182 153 36 17 63 171 158 32 120 136 12 130 188 22 184 161 2 59 53 91 74
96 1316
31 108 150 75 150 43 102 149 24 150 186 151 67 65 50 10 59 172 8 25 113 84 107 4 168 173 167 80 100 118 124 29 148 47 150 111 138 27 82 77 135 154 172 37 80 171 80 90 103 134 6 17 142 138 177 72 15 115 162 160 56 196 81 67 172 139 196 72 103 160 127 94 160 78 63 113 119 5 97 86 23 46 84 155 30 168 1 97 173 32 163 104 109 184 131 25
31 140 187 113 163 128 88 38 33 92 62 175 25 134 77 81 70 161 198 157 67 14 184 130 153 154 123 33 96 149 127 135 152 155 71 14 146 196 182 49 49 53 33 23 154 4 152 180 136 4 45 143 196 23 14 63 177 138 151 41 130 88 85 136 200 178 108 138 162 31 183 141 160 73 37 118 61 151 71 69 177 18 69 138 67 157 13 160 127 35 97 33 109 5 69 153
141 1424
123 91 169 95 28 101 7 3 59 39 150 71 103 153 58 101 133 8 15 190 102 70 115 2 141 135 138 174 62 24 27 98 19 13 63 178 195 128 71 186 121 4 29 2 55 160 101 144 17 55 61 147 183 68 155 168 125 84 100 146 110 139 65 32 190 112 22 9 84 9 1 112 148 165 33 153 118 56 124 15 77 67 136 101 55 9 86 196 20 183 22 97 177 73 143 165 13 116 58 71 125 151 104 98 11 78 167 75 30 196 34 142 143 98 24 15 199 62 16 80 192 9 83 53 183 35 112 166 184 109 134 107 88 138 32 80 126 132 124 23 88
32 29 72 89 96 77 73 191 117 163 147 133 153 80 150 180 143 102 55 194 42 60 72 173 40 90 157 193 126 119 76 160 57 185 154 116 48 61 129 163 72 58 177 42 25 33 9 71 108 80 184 8 74 6 53 75 172 105 86 154 57 162 82 81 86 2 59 4 29 38 1 109 148 47 110 94 91 182 39 113 126 98 75 172 110 88 73 185 161 4 135 140 104 101 87 19 31 100 16 112 80 162 99 75 81 184 126 144 148 172 112 198 57 152 120 101 166 54 160 26 157 158 84 64 200 16 176 6 15 7 123 85 121 103 18 23 41 160 137 58 9
118 1416
184 156 4 126 187 174 104 81 32 61 152 117 81 84 100 119 50 154 90 95 167 5 82 109 149 23 113 127 182 161 70 69 104 125 5 172 38 192 13 184 21 13 97 126 100 111 116 41 153 116 87 127 15 146 122 140 135 26 1 61 188 63 102 26 171 162 27 132 109 173 158 123 168 27 51 102 10 45 170 116 162 148 116 134 60 158 169 61 132 97 126 173 66 149 39 127 44 140 105 87 130 132 75 138 184 141 136 196 33 187 112 23 139 66 139 110 147 22
190 119 64 90 184 26 63 87 112 158 193 27 92 168 109 36 74 6 31 28 68 22 85 114 169 100 91 193 10 82 79 120 22 145 171 171 177 119 100 161 6 133 139 78 86 170 179 171 117 157 87 76 70 180 130 142 152 183 1 142 123 55 55 54 141 57 88 194 77 182 64 93 149 9 87 191 116 63 70 140 77 189 31 176 106 17 32 88 88 183 150 87 169 35 16 200 74 111 25 116 44 51 145 7 186 109 65 1 96 23 113 155 114 195 104 20 193 173
31 13
131 97 181 87 136 23 142 187 41 182 119 161 91 173 183 1 181 88 8 88 46 17 196 7 128 45 11 178 15 117 11
120 23 184 176 120 123 134 116 125 58 72 180 59 65 109 1 72 161 175 143 110 139 4 188 188 199 157 53 150 149 92
60 1276
116 103 28 65 51 163 37 33 108 114 185 171 193 100 131 145 166 168 188 17 17 36 100 169 49 77 125 88 38 1 4 165 119 114 67 49 13 88 56 24 138 42 3 131 20 111 75 191 110 51 90 163 135 166 58 198 193 161 72 186
102 123 190 73 82 46 169 164 29 118 92 151 39 155 65 46 199 193 184 191 180 53 21 160 82 186 199 118 187 1 169 169 84 107 82 36 84 65 56 57 52 14 81 40 155 23 75 193 56 128 99 102 51 190 189 147 191 195 43 91
115 1635
113 122 168 63 110 69 53 75 96 111 31 84 97 33 197 129 4 164 32 93 129 166 67 103 123 7 68 143 197 198 109 54 176 187 194 101 143 55 57 122 122 84 171 106 105 112 181 77 134 68 93 1 185 195 116 171 196 178 184 85 90 53 113 130 95 78 116 173 189 92 34 92 68 147 56 43 131 167 127 193 93 159 52 12 49 95 117 63 159 139 192 111 179 117 173 125 83 128 165 77 194 47 12 198 70 137 69 135 28 104 16 168 15 135 186
23 55 31 170 152 73 155 171 132 94 103 191 155 82 182 109 50 123 26 142 113 181 40 162 14 153 91 165 176 194 127 112 17 160 79 122 66 9 157 179 129 190 178 167 103 13 166 109 63 80 168 35 7 41 116 189 6 166 35 40 148 70 81 199 197 187 30 100 167 104 63 30 22 3 31 145 47 195 96 21 22 160 131 192 103 82 138 137 10 167 133 122 77 105 61 17 35 86 139 165 123 110 61 171 137 14 199 200 3 152 181 98 95 132 163
48 758
37 40 155 170 126 189 57 145 30 187 181 94 200 30 142 115 171 178 144 101 5 166 116 1 63 142 187 141 15 75 48 38 95 95 162 162 187 178 142 200 58 198 128 181 12 155 196 181
94 48 38 176 58 146 76 84 1 45 154 147 180 185 126 178 107 125 147 21 41 61 63 1 82 195 36 138 123 109 189 18 15 190 195 166 128 103 25 4 93 44 90 95 55 11 144 42
94 1452
184 21 189 72 61 142 168 153 194 159 78 181 133 128 169 187 61 97 165 118 85 85 9 169 173 127 48 186 186 44 102 58 188 162 74 130 137 161 155 50 7 80 187 186 81 78 1 95 89 55 134 23 149 70 64 133 47 77 181 4 43 147 169 4 49 123 41 156 80 196 96 166 196 126 55 142 163 151 129 91 115 112 110 47 196 84 74 185 90 197 192 194 178 188
72 145 7 118 13 60 199 117 32 174 170 184 128 113 38 152 7 49 120 26 59 52 189 2 127 2 59 180 65 155 30 162 154 153 79 158 166 97 129 79 176 55 17 172 30 182 1 151 56 114 184 22 184 55 119 71 165 33 62 14 82 54 42 9 58 183 145 141 178 144 80 142 42 129 130 98 88 131 106 178 13 107 19 189 194 44 49 69 111 97 90 106 96 58
147 1505
187 43 173 21 92 13 59 176 58 58 114 96 106 154 83 122 124 71 67 66 58 38 67 64 182 83 73 105 3 174 67 105 163 37 17 91 84 143 93 179 30 121 38 183 35 76 106 43 11 1 85 102 171 71 153 88 109 187 185 90 180 23 1 57 96 39 51 100 39 35 170 124 82 80 182 36 85 197 123 49 61 102 130 84 75 110 41 178 46 140 177 187 33 50 188 29 136 111 35 184 113 56 77 178 41 100 44 182 21 135 129 7 45 81 64 139 109 32 131 11 30 140 148 148 152 79 198 95 106 73 143 96 157 187 40 11 107 141 175 173 74 109 39 65 82 65 99
67 50 152 19 16 128 38 196 18 7 1 59 25 45 58 69 164 96 91 111 30 117 13 125 73 95 178 130 10 85 47 190 127 181 55 75 128 103 158 74 61 54 25 40 108 53 133 20 31 28 43 169 196 63 49 134 8 98 121 19 117 85 65 12 57 132 92 21 122 191 123 30 62 66 169 161 59 38 53 170 87 112 153 168 119 196 185 122 57 27 175 13 183 108 98 48 130 65 195 109 93 105 33 122 117 17 86 76 31 160 164 64 70 79 64 128 147 137 161 172 110 73 121 168 83 32 37 42 127 169 11 51 79 40 197 69 102 54 40 78 3 71 155 145 137 24 161
127 712
191 47 161 50 62 24 134 113 150 30 128 132 182 184 61 191 172 33 197 102 176 94 72 67 131 161 93 18 192 58 161 103 37 16 120 43 42 155 47 86 21 139 90 139 109 133 148 153 73 168 190 39 51 48 166 177 131 52 23 5 90 151 27 1 128 42 53 99 25 103 32 128 146 86 73 50 130 150 160 6 11 3 127 118 47 92 52 144 102 117 22 87 70 58 156 67 61 182 122 41 71 150 8 71 25 35 56 148 157 58 123 182 145 74 118 138 150 62 83 18 22 152 124 106 159 96 192
12 182 9 19 142 36 148 7 21 188 46 9 149 32 9 51 37 132 34 59 125 109 159 21 48 58 92 26 1 52 48 133 135 33 118 95 89 66 22 129 46 114 156 81 148 21 187 184 121 192 163 31 193 49 86 187 115 172 142 131 89 37 56 1 91 117 80 103 147 190 80 114 131 168 42 162 153 156 121 87 47 64 101 151 21 30 172 197 181 174 118 103 36 181 15 119 69 139 51 120 85 122 93 109 139 46 121 78 157 64 125 183 115 18 66 188 39 157 84 107 52 29 51 32 116 81 29
55 1596
96 106 154 152 81 12 200 21 32 2 174 139 174 12 166 53 114 177 152 73 45 98 16 17 41 106 77 1 181 167 85 111 128 168 167 14 28 8 28 194 146 185 46 175 92 124 15 126 72 124 37 2 47 12 88
88 165 43 55 165 115 181 21 124 107 59 132 186 165 26 13 158 19 81 184 36 45 118 199 18 166 196 1 60 146 171 150 87 31 193 164 111 196 176 20 51 174 33 26 93 176 34 94 45 39 137 17 161 26 157
300 306
33 181 5 85 104 58 192 109 114 161 142 57 96 121 57 118 36 199 63 23 11 101 122 191 162 91 199 12 116 15 160 164 133 36 148 17 89 64 78 148 156 45 137 48 139 127 97 93 156 128 89 13 13 90 82 80 179 144 131 70 109 118 38 138 42 47 113 59 136 166 42 158 72 39 148 22 56 12 54 189 167 25 94 156 88 102 118 100 64 143 150 66 7 153 178 107 175 175 118 153 2 85 65 12 26 138 21 83 183 191 175 8 180 74 63 6 32 87 74 175 155 26 170 107 95 16 146 123 157 77 173 188 172 3 76 48 192 109 86 65 64 153 55 189 174 183 147 102 147 66 33 156 139 137 183 107 33 158 86 98 162 158 153 129 67 177 60 76 148 125 165 127 90 35 85 139 116 58 58 72 132 128 132 140 118 112 47 30 177 15 149 106 152 36 53 86 107 127 167 20 82 118 120 167 115 108 38 79 80 151 125 115 200 172 59 153 73 19 73 191 70 2 62 97 97 24 34 3 83 102 68 32 28 35 139 86 74 67 70 180 161 91 46 130 171 21 37 130 6 163 141 55 191 102 188 130 188 46 18 161 158 178 184 9 24 188 123 130 20 124 16 107 178 188 80 134 80 183 171 156 114 61 41 52 125 67 132 95 29 55 181 1 4 74 125 23 28 177 73 80
8 158 13 183 177 32 43 37 153 104 97 158 169 121 77 41 50 41 83 118 80 154 9 187 151 55 147 94 132 124 84 196 114 147 10 159 117 162 54 191 190 155 56 4 14 98 90 182 80 103 96 129 77 90 190 190 124 67 143 21 196 5 163 193 66 131 60 125 101 169 197 172 53 2 60 56 92 45 150 95 35 79 36 181 121 129 59 189 90 11 116 157 29 60 141 96 83 21 130 5 54 71 185 128 106 175 155 180 35 113 97 102 182 49 26 17 90 96 50 52 64 128 61 152 97 22 24 77 148 172 82 156 26 197 177 182 26 161 15 132 80 161 27 12 65 147 122 118 57 174 114 25 16 176 1 198 60 87 98 60 32 60 11 52 195 52 132 150 164 130 31 197 36 128 133 46 96 21 186 77 48 191 155 31 64 82 190 88 65 61 105 64 115 10 59 184 13 190 66 36 131 128 99 96 182 63 165 190 66 132 36 183 41 118 191 92 22 144 137 187 98 108 32 93 47 21 91 33 126 141 54 140 2 100 25 160 39 88 115 119 4 146 46 128 31 39 4 64 165 96 200 15 74 12 33 101 21 33 176 188 181 194 108 141 171 164 195 113 183 7 6 3 105 195 148 189 64 15 191 146 95 188 191 60 127 140 125 61 82 60 141 60 183 126 181 190 83 68 28 198
4 12
1 2 5 10
1 1 1 1
4 12
10 5 2 1
1 1 1 1
4 12
1 2 5 10
1 2 10 20
4 12
1 2 5 10
1 7 2 3
3 180
1 90 100
1 900 1001
